818027
63406
878936
360846
641618
879120
311974
412888
404406
508456
49345
11290
688847
838957
761718
513169
860526
645872
601756
669871
284376
301470
451152
924359
369543
548217
643902
312315
199058
518093
323232
523130
136468
211595
38879
547505
106817
704951
541911
192870
736541
935095
54340
862749
555361
847744
755582
707809
790260
573663
552509
52129
166243
402954
345693
851217
745088
747739
28668
682349
963886
156017
145635
40318
658242
134110
531509
808129
857421
558813
711631
255877
676275
591202
591373
536076
661988
950170
975489
29562
855509
253444
498063
652788
880786
693551
668240
304286
404667
387258
884712
701532
602863
417604
28026
495221
267342
350348
451382
645507
483011
595135
609451
611060
645502
674484
122125
179033
498026
907689
173728
61417
401022
278013
676825
942864
394728
719240
884866
412151
792616
711272
264208
843767
233776
178657
580138
252897
622695
44173
322803
857066
945026
903528
674867
424326
222602
777517
881410
901208
387213
740822
595312
391319
249187
136783
282746
176086
837708
340205
226579
215070
269154
759940
271038
748905
766812
939127
429820
432938
846531
903185
153879
962900
562189
367639
245283
526135
474342
627715
804383
825584
823851
394247
144624
111155
785962
754469
972442
680530
566273
406596
590248
261157
776808
952579
419511
455584
566413
565727
323138
852002
309640
312023
282043
396769
511937
585362
739198
37591
480191
521039
625564
426203
36784
1189
858450
807900
258264
268402
191063
59932
346142
431770
344393
132964
655113
380902
758132
21068
820750
135123
466189
850473
935533
380044
162306
972900
400723
415186
210730
51985
323054
154837
345319
667888
685271
649748
922375
350054
927214
819458
98261
61966
850778
310345
640136
337225
709139
407074
129848
979207
614531
277217
277870
70004
910507
227162
871444
574934
264413
667261
930040
472007
18854
583347
90797
644644
310601
165952
372914
103751
139283
768613
670864
657107
749928
69084
183148
56159
168770
353067
113657
865099
568333
177547
159417
358673
155515
489222
795415
923141
963549
916143
655875
775017
716968
384182
105250
76987
256482
856279
476144
6656
422672
82040
870831
395362
733931
478993
14192
385718
434121
440451
67161
354495
578665
304343
442797
784689
248266
76362
495890
132166
480622
798717
844833
991116
299440
35758
765914
507586
446670
155271
758754
525399
36768
246310
906605
249739
777442
350469
277496
718442
152844
665073
28243
226780
68913
725539
755064
235355
518717
397898
892666
377944
124884
668070
268615
269194
784852
457221
532580
668843
654833
83591
651814
251783
539884
295897
941238
551307
502954
178901
515562
576673
15361
448478
406740
77131
51624
324306
567849
613868
444298
825662
303375
609150
476986
960217
377614
473184
905299
584184
399835
856354
810951
34799
912153
747135
145464
921392
888719
109385
834260
971054
454642
153472
515507
174948
317962
23772
872074
168735
586760
788139
661250
803946
126237
61421
317238
836921
193693
501655
582493
989449
176886
670553
176467
576426
789870
936690
319455
781197
818340
205794
133855
626278
437300
817263
150051
268691
642588
360769
755169
203096
989564
420528
658448
166846
571502
235285
35211
4652
650198
169670
190810
373305
820903
27156
90133
473600
248739
832908
872547
41514
710302
642525
205635
754646
208369
556937
512179
12590
479639
361398
545160
151259
974529
761968
896850
720616
40445
58990
32374
159970
780693
250482
459784
731107
89401
255231
535032
471454
38889
356499
231133
528146
484524
99133
237891
643365
810942
171316
580848
355662
870738
877496
512922
906203
563966
338421
6246
660226
728770
1113
613768
602203
251239
207838
814249
89699
349258
886917
297147
30256
194740
160849
185197
298606
915436
497334
575563
842693
844460
701103
465760
766447
437281
334916
400470
169214
119293
22438
495446
75610
886740
118446
629882
240293
40694
664180
225657
535795
509828
347743
234541
534023
63602
517053
344154
966488
480282
716493
443979
519438
488632
297937
609651
551626
776875
959380
734371
462734
300598
273659
417244
983227
176071
499125
548010
595676
944348
713391
524142
379468
345695
535484
83750
285184
671626
540646
486799
819552
355961
867221
102539
338783
349921
663884
64769
462540
505925
784918
570467
676010
556650
144472
729296
866898
944997
648622
643388
764504
688001
123221
106224
730108
535013
429256
887178
325560
551370
356189
954131
765810
724453
870961
95123
964320
206683
685829
754001
548955
809258
898730
242589
466619
817080
743556
657161
782616
988964
364004
934030
796096
943836
542137
129068
864937
570459
719536
429474
968231
907156
526109
458319
190938
146576
673395
913454
975868
712465
810197
525785
613229
734474
648267
137778
834553
740271
189305
198813
425981
272524
331658
464546
948651
660177
728153
971538
866315
924491
186031
256959
40068
510626
62428
454598
309311
520733
189842
147019
517202
951479
170378
601115
669766
856482
330747
69478
645301
258748
33821
137583
129067
619592
557903
620765
415520
258299
983096
884776
383234
159898
239557
145542
552199
334028
541381
919627
940291
248580
59287
350194
620801
588946
815924
984120
494249
808510
591048
826635
143672
971552
294598
142487
551506
692206
23644
66546
357595
991416
698129
292578
514884
24239
210334
529482
3644
385296
534624
117477
253909
261748
859584
797297
257827
440093
71419
606401
542574
522463
100568
563925
265884
154547
549007
654919
800731
79818
476829
324837
72973
586626
849900
837293
477517
239778
561631
157822
440176
734536
925061
976231
141867
56806
164936
248729
885067
621754
456331
896949
612942
787955
75490
567908
88750
336607
983124
817510
976608
546228
847755
912520
623354
683505
884645
892523
631196
661128
505193
110671
783859
621492
729780
654463
369404
579392
55600
508887
187234
392266
541511
989226
236378
788496
665127
365985
499483
837129
891359
324440
422546
439511
52803
866173
911440
549850
815550
328739
551749
476132
332571
786681
951923
694767
668457
770909
41654
491885
4621
711869
109507
690847
415345
663032
504485
707129
61079
140483
881003
558820
688116
612809
448851
731213
525981
754146
769374
293931
648804
288099
879918
533827
310675
892407
962420
540167
398487
258410
560494
523315
195385
286105
390527
861899
88613
528649
853675
461273
210274
363579
671535
733774
196042
412675
276031
129860
982788
719152
343310
591989
69517
450423
950453
409842
162160
930022
846778
433337
841267
49723
661870
261840
870275
696944
990328
428600
280032
771319
875524
523949
65238
421515
863283
124715
868433
133207
744192
764306
749323
398499
264340
359165
223289
627676
426261
133396
443529
730789
466005
707228
430029
766398
197876
340175
23685
193855
292580
30118
943280
536916
337471
107464
61809
498861
476274
458034
282672
912526
937524
26729
876819
95034
549720
847636
224534
745477
332404
157292
334576
352212
3726
292073
826376
278515
368338
9137
254455
806158
945633
716314
155412
690220
668241
411371
790244
64312
301030
192889
589154
9673
432234
656617
780879
683657
484829
50350
511808
109769
134402
964912
624847
447499
5541
753078
167892
22616
39966
723193
184407
237729
398863
427381
346135
77157
389641
283846
664329
113708
521419
512172
438867
240436
602915
653786
156490
430379
189152
310078
824289
818345
153199
46649
622224
90532
324064
344718
784228
733202
907253
384273
790791
814833
807050
960811
701595
389998
232321
295292
905241
28513
342531
374955
277317
615730
691819
754854
268800
468319
568387
570231
571007
683449
551300
23316
926880
187038
984868
127268
971981
915520
771593
287480
800865
80184
453580
305576
555121
361104
750806
107712
520126
819998
490077
374476
231864
231213
39897
532870
318430
293446
387472
12369
979162
240717
478777
232379
567865
180915
842234
342538
793512
415556
569044
809538
463858
688574
237673
798318
128895
805943
174567
641057
27134
713054
25952
968656
189010
563985
973269
720138
843442
741060
755441
765868
466272
380444
312390
674023
602415
579359
776185
545171
89110
298769
433237
274996
185511
459511
212407
859288
106047
26211
651008
351884
478941
671846
432929
37915
665401
847232
510182
42688
943630
710828
319748
186440
403577
814641
320242
657316
999287
349511
956943
105107
334298
795199
355192
565161
258804
838485
543001
299890
921064
683762
273527
607219
764810
803190
421987
897345
112201
954592
10925
318303
402692
917168
963629
386771
280526
48720
133219
147481
586658
710736
64421
187759
710782
900435
196959
568428
191116
186055
792400
261230
299445
819755
763744
429266
851136
908025
495310
388110
108644
970759
358873
585044
65757
500795
806295
790737
916114
619617
539828
673443
135411
966713
212443
595831
698541
24638
738011
814047
386016
456369
332400
192767
65594
884745
132313
321700
718211
912449
973292
830995
891611
327576
326574
209254
317101
169685
176457
146518
461541
934837
560716
182388
805058
643238
578749
739147
781348
301334
793064
749431
809068
866563
14291
469815
329615
290813
103221
295663
670322
214770
442125
13935
70239
191117
992003
832326
136813
15931
729332
576053
292083
111308
30142
350592
343252
838095
262810
742164
53988
319546
312246
908303
716478
628446
996923
667241
524868
682796
979646
647975
182689
44214
156779
109547
677503
521240
942000
148286
294600
828965
952180
911057
372968
962159
79585
674138
170767
849001
175668
275975
876683
804897
267628
317098
373696
811105
179022
781020
377573
864470
375697
539847
271270
911236
523485
791043
972294
899046
651816
475299
276158
196516
522078
888340
175398
420181
911891
216025
349755
55444
294881
182484
986956
778741
51819
156213
539251
840362
953809
216161
650296
842111
730534
249242
465722
753765
73918
275329
236590
238126
371293
886024
195615
452579
539547
640591
509547
966987
43692
721951
374285
718667
377508
797140
871760
677911
31775
610255
455283
456411
362349
455379
761534
335056
281963
113539
46008
358329
603097
115436
976988
920638
578641
505930
2225
790623
930317
10706
195594
726728
152685
378876
760748
351703
794885
392732
764823
478158
891293
330444
515893
986717
687174
868576
85339
296781
393112
276677
517279
381582
441588
798379
248547
167433
930173
718999
460887
25377
788962
680039
262615
146489
414199
312649
74864
780855
566302
18732
559100
874782
284539
611456
741292
998042
47569
786575
740476
223219
742716
395286
581744
221627
573977
815084
865237
12132
208242
300501
96649
644940
730036
941264
137693
875757
610837
646899
906573
857118
621225
860065
627704
33594
86337
298100
335016
969693
616987
752926
29583
136348
996336
286113
76122
413442
13228
537429
989450
692819
908034
22309
626526
837075
907630
469176
215150
969450
330410
645595
740963
698901
755992
739034
500045
398020
530841
342696
860136
422384
733142
48305
498513
990668
613412
486869
730045
565100
518056
8868
647797
114833
814810
629751
255863
222791
504897
525811
250232
445794
691785
756350
29098
877833
652956
842304
931641
972668
734042
385177
891630
437912
514871
250621
112665
353468
832544
112545
514856
453160
130550
775725
563556
539362
700945
157409
963362
584285
623719
752280
318575
305217
861465
754324
487373
663860
659892
391343
486240
342808
786198
299676
597995
867188
820732
832129
2190
467938
871788
664918
378521
354981
336865
53527
203885
604359
376887
189415
400454
544936
572255
563793
129203
365586
676956
842124
708414
16707
634117
372036
666123
920578
345391
552831
266293
771886
633484
644676
483110
610376
310776
550599
309619
309355
609769
145332
739102
75447
306888
968257
844923
405026
888933
361363
835520
386522
756638
328206
288363
657464
13103
196873
316352
517260
91753
830516
528969
896071
890437
979415
82370
101962
169151
895279
484628
963244
792661
357028
377247
750387
970180
555724
319756
23416
922717
799994
874378
507116
950469
646982
512713
277264
539207
609054
880680
271847
964064
611444
233797
667798
588706
773338
28950
396831
813732
892263
581215
760985
697094
979944
335520
990061
53501
10467
653953
172653
89658
219000
218091
848938
24542
910879
756529
713798
731696
708649
517065
925329
146519
798329
460604
326855
594755
268100
454469
879758
304485
163978
76897
991925
239855
365613
706535
638247
957164
953107
446546
217624
462564
15107
850018
529940
486022
302210
357670
247454
382864
642315
736404
827015
206140
305113
957352
68731
478222
724713
921088
898854
616071
489848
435637
177561
469894
708672
917613
455284
198096
583251
371163
550645
610626
758568
657121
572609
495364
321182
67414
88225
970045
20480
183175
333359
118041
349140
414905
253934
826945
923370
646909
19523
492934
975907
8904
547038
565899
432157
700129
565779
254931
408274
169090
642088
899683
7899
897384
965120
730874
291150
852830
111369
279810
952074
937152
347671
631255
958100
544137
882567
278983
615593
966777
108309
437777
781715
972717
113611
331607
174275
998992
437928
849775
564557
860697
162890
988994
393815
357550
296398
494236
548547
484741
242271
708250
230998
497698
9289
149718
197571
502051
262152
845668
382501
948945
236671
373582
918613
475399
570180
37048
476629
83143
249279
399868
661328
234604
313825
923378
756093
159080
118923
44954
521195
824678
742815
871939
537990
591438
857054
481063
671484
448496
38584
287934
9296
871856
41221
766505
398312
525264
924085
583900
930995
107357
137243
841304
478227
882973
635112
79404
739660
337014
348686
394984
596533
85907
31680
301696
130668
937879
232979
739039
521786
788775
553670
708641
375937
127080
578466
885121
666948
957833
164163
291178
654215
434240
826245
860582
935920
373207
984847
873670
878827
241081
828937
389539
855757
964539
552217
497060
507359
341344
508844
714603
679574
459102
186985
952901
261618
177730
165718
363129
792501
234468
774932
635083
960857
505363
203828
769958
822065
928669
389688
747273
62611
40347
851892
931464
644211
406722
733311
431594
976908
434465
947923
850896
558327
113535
477379
531460
976477
698959
163746
417565
123814
601841
757132
375323
496802
989504
555687
799557
301837
42744
165960
422708
802714
961415
689334
781912
666702
337030
236747
141498
204769
691838
379865
322273
212143
14935
25965
528245
180104
316902
129458
804010
297187
714825
659834
519998
614740
669144
549667
835434
355770
401710
977491
196937
57898
174968
435261
914148
90525
971772
640277
984829
698297
917561
92141
558167
702543
481330
905685
299944
778623
943816
130555
158526
681999
718604
913954
875754
235711
503154
471901
711324
252578
268252
551001
767328
985572
338641
767940
812796
397047
192212
533637
230815
984403
309254
795273
247090
824233
606537
308887
384128
757476
69356
723307
195483
829677
586534
645686
72250
385213
170674
224048
923013
298731
680270
636430
336421
985166
164794
571395
656119
817126
520424
457189
378977
94033
164377
730364
718077
813479
796791
96372
886999
786351
437347
733136
188722
521272
21840
917101
875393
411137
2082
94840
954323
972117
241432
962178
968472
280987
997003
213077
931777
60757
97853
483282
645767
229491
442882
121050
63905
234432
354599
185856
756643
758853
149076
44359
802817
679263
25700
762835
290841
969163
623706
61042
82252
965248
161539
283447
390283
422403
763191
105840
760699
787755
556954
815882
337860
557054
152926
577607
528156
2665
919235
920697
357684
987118
888446
169615
872704
933102
857806
103239
672558
399557
617381
825154
317683
472828
913865
873644
778694
519863
150730
544725
682225
11554
735196
11983
421542
834603
3949
367137
354025
17969
673288
103406
130038
938603
587779
510608
956132
474990
994686
140188
928053
67588
199405
246597
702755
341091
763025
463734
364610
737597
605898
143733
722987
765275
819501
550960
25435
618855
830976
255715
188983
217754
96676
822277
983892
671102
683021
550869
795720
591833
521222
652639
387089
426117
560974
969202
918145
333183
281325
262088
682031
230942
453767
942004
963112
149907
984243
134319
672476
222381
690831
966580
371500
17219
707752
147149
915494
333659
875530
54098
847377
811021
105486
424114
10079
808081
994919
557784
466871
159249
816978
625968
50898
812247
908272
194279
768091
589129
189459
276502
410199
313221
680410
738698
76913
700949
829163
380746
862148
38564
710208
918916
874313
82176
620952
617955
207870
520115
9822
874064
136059
674276
983059
853353
268497
285089
832549
782008
423038
910531
528569
653879
786963
357410
916268
354185
509167
197962
240242
983218
958655
182463
694827
36818
466674
127678
139461
112165
632090
836117
625882
19758
150538
766072
931213
899674
858224
386881
220223
588202
765292
442569
689003
564672
309529
389939
367011
995142
988633
811108
972084
609029
996525
655832
815441
361007
97913
420425
60562
87717
193710
181972
33257
955950
753834
308052
456549
765516
798623
708510
932513
15379
440479
719126
581483
325855
555465
228820
220383
739448
900924
253851
330509
434781
474639
385897
573225
121320
604086
810935
44569
339560
511593
544677
29980
651044
166300
170361
20637
127717
600789
863694
453573
542148
384537
760441
247025
739112
713009
588119
567113
622271
464704
416925
536807
592123
174087
760614
377800
358566
574657
607672
222534
514804
918540
987810
402159
509013
230125
57961
305882
45780
767879
690070
341283
738917
464924
246578
35569
849515
111277
181051
248801
438131
788803
483286
497505
77266
241186
915627
634098
854274
444868
453675
210564
324892
787906
968578
931887
563470
371800
595552
364374
849727
313134
248570
997677
72713
635649
99610
451733
770363
831031
357133
945867
477404
91585
637616
467867
316815
836122
251050
808062
985651
83094
143494
287755
832404
84500
51738
905278
324145
403019
438774
998464
335992
28683
950196
451649
430157
108335
23701
204985
661469
418795
33291
123367
547156
659703
209463
306907
654212
142304
569789
215888
477400
419071
342645
870707
556396
631508
228441
712384
669663
439127
578037
862533
937282
793829
691607
94049
471467
509460
708029
768552
627194
795829
701085
930351
270124
798930
41441
157864
939663
555236
154229
415628
686479
105956
110735
657162
336551
493549
53314
665274
572762
864186
265983
704329
363604
867619
430770
61510
498215
981461
698624
175275
896723
768666
372880
733141
305170
390870
773066
365138
837190
422217
847537
113624
716432
94093
334651
895769
209227
105939
60052
468468
334388
664989
850535
572352
153919
296923
838920
890283
588553
235032
81682
543979
573259
683599
402184
783535
177608
399492
136777
413855
891373
271912
958717
331637
473352
961627
613733
208706
48751
251401
721243
703384
203370
557313
104201
799370
600074
150352
615841
325194
137930
642860
748943
242434
422800
369753
905448
671451
735251
262004
69467
471216
794014
329749
365041
714576
355418
835373
533079
660940
836895
227209
298410
884823
182602
902414
52463
100285
896221
722238
501004
951979
295447
393635
298145
91468
309453
574708
407370
465888
767170
213238
876939
836422
330203
110582
590775
158137
875994
533754
35496
196254
399325
300397
25260
932723
960615
287795
32705
336456
988042
384196
882212
458766
871752
398452
363303
637454
773357
42881
901683
469377
84610
398803
516389
194046
108667
555779
848930
692878
627126
736282
45051
49881
470496
634851
519224
820996
180779
453715
858950
128838
784567
867958
576865
532296
146522
690568
289556
864864
123027
572936
424408
452252
27007
214590
944137
311716
12987
842771
44157
669219
638271
14243
470545
82212
997141
441528
644618
388014
731884
994831
381396
96462
946644
621114
813579
472690
183840
456701
846389
19392
396496
153299
857454
74441
528567
923166
671463
606674
215172
891131
418527
885862
39238
465161
858413
534523
182422
808463
462273
55713
985994
494114
255359
897268
234717
335706
136086
602063
565379
491415
60396
909703
803299
882867
306605
261354
488331
478630
63741
871636
11429
445814
824392
512621
94014
663621
731026
856744
480169
603802
622139
42520
228877
608754
270293
986364
265060
723329
977157
21315
186097
134195
965390
781922
467903
388954
890882
934305
301816
571061
945274
169064
101602
687667
640367
791398
802969
937221
618469
388588
913107
769728
703092
353667
766262
138496
268775
302947
881612
32465
199881
533053
174716
856579
587154
299205
89212
853969
691408
52194
661111
301259
612316
64458
401128
887946
511353
731671
99316
197651
63648
4516
867987
589151
333771
692470
122421
532037
877968
157969
700541
165222
334470
936525
764193
962081
635151
395039
376648
859302
489523
387283
287158
319832
237807
550634
50013
223371
896204
253279
768930
275543
183196
542604
689457
160058
907693
559771
422264
390207
158764
118122
920703
974840
115677
783705
407171
903729
444078
297597
32567
765901
780080
98820
586245
431143
260106
704105
976529
463283
587800
269105
720630
406944
50254
858835
746153
549613
902458
277648
542704
777153
595881
902522
726585
27666
26725
677420
556826
673810
962830
260495
547233
923175
254592
555892
701951
983330
473103
94238
192896
791818
517753
304211
813364
351864
282501
723743
52206
805387
867929
388969
847738
582583
524851
84165
788478
57045
948481
807642
772627
514900
478422
524164
503004
590369
815047
568066
634831
149398
56690
36831
78174
752109
942793
611308
295263
349696
503069
601189
200082
953400
385831
216848
996707
295696
969097
918768
943727
344844
542451
304943
848213
589171
912480
290054
830552
166952
750790
402565
832918
163324
572603
784168
132319
171124
529952
923353
374299
88566
125851
922413
651733
893585
645064
58070
409677
26742
663283
137676
584935
698671
265068
777338
432749
658031
658430
207988
62642
119438
947996
556166
289433
693124
352230
928355
965902
803312
76053
536472
960418
796933
391228
414873
204394
40715
687784
62628
92813
373163
899376
864335
753307
357998
35144
639048
468698
295373
136282
707778
489988
422878
370699
985156
481752
818460
743748
417316
283802
287206
288005
655450
758404
245231
944611
21813
192909
372674
921243
75583
999845
728387
275712
809266
760543
67305
645043
522020
568056
565326
967393
683983
698879
996424
272425
264826
835052
144186
523403
730153
736680
584375
105414
462166
65638
887090
715532
130840
80199
860862
662765
4035
680190
232427
722668
937856
412228
912422
537868
256509
391894
964057
184623
99672
47281
886616
147593
384733
122403
516350
921192
362171
525962
53058
297806
6404
502306
114551
397071
109426
63583
854032
793767
421757
420920
171531
486487
764300
688736
261750
93380
263228
5217
861348
326330
957528
113948
445316
593564
707662
417736
932036
66732
825459
207231
612162
971781
761621
978514
659896
560597
641710
23229
577967
393182
249037
405028
711358
17190
972571
501899
231748
62954
404026
225662
948164
700891
288954
434252
204731
528763
229077
122985
110553
839104
653203
129835
907117
332627
630233
517974
178774
562168
507712
580439
752551
73486
182898
638565
184906
75934
416490
256646
39628
783566
624080
810282
579752
248650
923664
147738
757095
970999
150772
56734
225271
535406
863328
327593
380863
145571
51400
250437
489177
192848
962915
805388
425542
84687
160827
342867
763582
307949
861194
582182
415833
539264
380412
68654
903754
668751
663419
96094
398001
219121
787136
38369
698336
208676
984438
745777
382573
642367
625993
776307
31212
13223
452908
214158
52039
994161
863159
142181
864599
624644
662847
824841
296280
348844
316361
155459
438247
451309
751374
122978
424983
932028
237308
711291
200512
917341
605324
277640
515785
750318
837181
404134
150333
799343
304316
362250
993408
368210
737486
397360
715520
41223
327487
631002
81295
658080
999912
651548
49681
429438
754812
591172
787183
491099
547898
51395
69858
651000
84761
832299
400952
458554
927268
752213
393557
444045
921855
594524
572423
437776
517148
812035
288497
549214
279175
504023
870704
785444
429969
148929
722990
756973
587386
413266
964671
5569
148272
946768
565087
729270
310779
892359
788325
559329
445720
857165
843537
239874
153279
366847
421466
650941
548504
980827
632404
76227
370648
279719
992285
735216
640639
311691
542361
898024
440390
258593
155771
333364
704233
416226
791229
564416
499005
129223
773198
782772
568619
750824
9293
11929
275130
960734
158535
942750
546069
186607
380393
628607
276027
190256
928121
862380
599818
816463
522427
250185
812324
363547
542444
502708
402371
5610
531146
711150
516682
774074
937058
670397
142846
728817
615682
297816
958124
638864
957536
630642
162655
163302
895281
15028
631013
555019
460985
947206
570887
937861
485256
323628
940285
971085
897293
151253
631767
24164
467428
955622
127814
481741
298437
412433
120576
591055
118082
395448
206571
355377
518318
896615
320301
868387
336626
597157
114776
231415
852665
362806
225949
225232
800891
449270
312727
992301
562483
290130
694310
985397
468388
722753
36202
967175
447152
701058
194009
762635
284083
905943
103813
411092
104889
694978
612946
395316
354376
960789
933679
202735
417602
581707
81165
641751
237301
415390
600617
264307
958685
582978
82088
944709
280250
11817
907466
160229
754284
327864
239184
512185
469952
588198
264441
385878
652316
655256
158145
613718
645416
531572
603039
910301
548598
594695
267375
478293
878253
153248
937238
197045
666354
81126
41707
624955
633239
294694
83701
657985
262900
769848
966954
380567
945497
609346
435226
688023
39995
783134
366396
906692
754262
766450
46717
810424
602515
626669
811861
277065
643525
549187
864655
419190
78175
959549
168736
44011
193782
334254
307699
706588
765604
197416
125490
285898
6910
709621
205821
429518
497756
211162
668332
237839
508301
678525
202232
335339
92596
134441
475504
758190
126193
254948
659459
562704
247101
585715
251572
585574
424668
13915
541123
28940
784115
721345
285740
103787
797351
707248
241040
785770
393899
433822
983982
439152
340861
582374
481007
207946
551848
781941
660084
942724
880128
678626
364767
542421
629145
993949
976450
233849
195689
662815
106553
377836
425113
705949
674037
83289
122123
529995
82964
675256
579333
668363
209642
54060
916481
641570
101588
865422
288742
750166
135602
673440
533565
597128
752555
79749
546066
907991
980236
347324
248056
51348
318940
928660
800780
213300
539712
963733
551961
605105
358026
187054
545977
459385
833578
487496
305526
740810
911953
442700
223015
34761
177894
101001
287751
728900
485676
309200
374569
849511
143284
168170
214213
807245
810298
595310
931560
432486
361468
502027
105267
435582
983572
588974
103096
410504
906503
415247
246970
131059
503615
115344
579571
845162
474302
989204
464725
344605
582070
542192
639619
116824
252518
882492
228297
276825
967547
711984
891480
548184
411967
130518
471695
327281
209160
290936
1466
100128
861260
623823
42555
583988
731972
174816
945445
949579
371318
261371
21875
569692
912652
379326
951534
29007
859262
343537
623245
907414
311603
700345
195665
191926
127934
662530
360044
968338
997569
456136
975198
157166
998759
653064
247528
528510
399696
16478
980501
244186
376272
930893
77002
280930
546461
37764
357244
728501
78511
408232
97148
80714
382240
118723
548036
517257
486627
710832
972089
22491
79754
461605
702713
423720
930222
667324
230387
581482
995552
158454
771284
31585
946513
53459
634852
534036
479413
324500
87484
787940
823548
981818
103863
283836
272916
764909
82564
738435
890494
266238
439095
417871
292033
173465
806081
462068
909666
593150
362254
702689
287773
401818
856977
762925
538039
292213
490187
724307
819327
82606
988573
622837
619000
452391
129696
385746
681479
877726
518182
188144
869944
422043
421232
540832
681229
138575
843934
593965
735167
847907
389265
734342
346261
177008
771230
21759
495898
409136
40324
683351
2188
718955
979343
68772
730196
944151
133210
75346
595989
112007
848477
456493
876321
60161
974363
301209
232981
355472
688707
53812
341245
832041
931328
188519
872006
22024
278192
297354
613234
912705
411339
479351
892929
950225
319487
377009
283797
600766
853001
867242
612712
904814
24624
947425
545622
429763
385214
788044
274536
653914
550760
384379
322448
991667
396569
303695
418472
637469
428208
813966
640835
228369
357087
920295
792063
961987
53883
750802
892637
513136
79673
506336
211585
642909
655644
245381
617917
648166
656359
125642
938156
175326
122590
187629
488458
482988
764825
947240
381298
397116
257204
13887
958998
881639
469970
575088
267052
379991
550992
57524
932868
717192
694425
416436
957756
100448
815998
275461
838118
609752
379217
19962
574557
937599
460264
525457
482954
165175
590002
764536
618949
725296
641934
834029
804661
827476
805626
979234
545255
476958
39465
812593
768631
999456
810213
117167
814325
436461
418361
722950
590087
359667
943967
185438
493193
329713
614855
294487
165829
476509
83827
749482
556406
234505
24094
231180
431196
423888
501642
643904
52665
713983
397008
178068
573109
638579
453280
683273
190030
134917
197906
553205
206615
83698
156969
559514
731693
536739
141715
890623
310982
936740
776549
395323
955507
364503
139408
909117
480548
389229
171758
284631
17263
676359
225703
264529
665965
643507
174776
510865
834893
904590
718507
566381
10061
284654
701692
2958
423861
943298
367745
323377
890671
294191
359507
203478
662251
786521
940653
981376
538690
363188
249252
812220
554819
790335
141565
500645
633846
547048
576249
222925
883310
245035
398957
932862
465417
121409
313399
249595
281385
262467
289739
406097
791126
257671
790866
668445
771594
924599
698475
758417
812034
181605
159963
535485
264266
922342
540898
226277
38061
881359
816331
826370
216670
594449
322526
176385
440953
994858
687212
387776
4956
961894
934211
727834
547245
942368
683051
424736
727292
536667
952209
638690
6908
332943
400817
496049
289326
72091
938568
219545
231735
862197
649220
129389
148064
772453
644159
797074
899112
575730
818074
808068
93210
990782
291247
295724
410232
705492
627243
645711
474332
555805
633432
927774
576994
454035
200514
299560
822640
910343
87823
894228
518796
844583
15774
57635
238353
519162
709353
776308
510196
568642
220305
384707
248144
767003
104890
157812
838665
945502
586875
252774
830390
620909
314604
385247
71420
355975
306230
221828
48914
541245
339772
340325
259298
98457
174684
446475
823488
591420
503803
986887
888899
768997
170766
951507
264778
877296
492875
705117
781280
754685
675827
296909
304649
380544
110596
478713
319903
204357
419426
861091
510873
619890
13846
586179
807415
744013
449483
943913
227535
73305
632505
884208
697381
548123
426434
349686
61990
173709
711065
936258
546144
327480
143066
606864
430005
527094
280678
768815
339037
491294
36613
748518
933764
581688
152995
196577
819783
899780
2852
834417
781558
469215
346356
697580
452194
596017
815804
249000
659754
660960
828666
518103
765176
683615
855104
526043
453882
642480
624979
571009
416592
944782
124616
246921
914586
278848
899953
707319
456383
703480
176864
586262
226172
426354
946539
753337
513025
679050
857064
184645
409318
660320
293214
92930
640452
19944
840466
862180
320435
723073
122008
239216
109531
187376
276954
265255
934741
942241
669782
241622
276275
571128
936488
223202
287362
605260
605020
124497
19266
447269
27869
970823
888336
193826
82151
794305
914838
516886
112679
577985
642318
828387
573676
433041
368273
797992
804895
960364
715313
519295
913798
301065
224181
899512
217192
182247
130815
258355
845342
590303
872020
284933
783493
703032
292523
117403
757384
721983
21239
415469
73986
737945
349651
854133
134686
452818
657997
54860
515177
950546
120484
400137
983524
212911
74683
260689
90051
23673
84822
872653
846418
704222
120325
310495
655797
735169
191837
447433
804862
261138
653363
617995
446465
86723
456201
728756
673563
210447
346737
702502
897757
553333
2625
907655
482352
871977
601700
240683
123495
240869
514613
474699
815535
348417
626189
388525
164750
896642
394583
842704
816626
622185
673543
270453
257367
96307
500673
919520
759545
596822
798768
502552
443624
159497
872192
892454
622035
88208
724955
713343
551231
847017
755174
37526
850792
531918
360233
245174
494400
461421
687703
66560
563654
622728
654834
444027
44170
582262
366721
124675
217769
57925
3214
236897
488049
822745
76233
865043
200542
391377
469213
706895
748695
619351
46562
567243
158951
161018
725355
272209
901451
79590
217542
850686
129234
984478
391193
135374
619405
740207
692400
400636
978980
188859
526960
392331
971418
285210
353055
248614
737794
426116
926995
914299
729579
241567
703369
86383
65094
112211
251391
880069
462710
41555
63203
250419
968591
73454
380757
441154
807557
426635
152077
344205
847417
363587
504454
216871
871108
498633
697468
6341
575566
974425
114142
964040
730106
367530
474934
82821
177779
957507
916906
866929
243
719802
269619
983444
290300
17363
102720
375431
370237
207986
719404
701457
888757
126045
645687
469394
674732
21324
403811
457410
984257
125773
391258
350403
265155
519751
498300
7895
105327
471742
842776
447117
693343
266954
61195
803158
202299
325848
335363
231075
54604
654905
724594
214333
169210
192919
611579
345074
330773
920064
794421
22840
274628
260198
285072
926346
774907
20587
354856
480940
627584
418010
594320
422013
585329
292903
471059
847172
683315
201795
245908
475528
529027
245203
405035
672297
480189
644514
277016
752584
393613
189153
592235
747037
501763
934037
307175
35437
232698
476498
829924
44832
810233
145388
225733
597098
749820
83745
287403
687710
596602
76600
354322
765744
695707
32074
160915
108191
508402
624355
375075
753601
362425
663034
868330
833947
20747
947992
553013
458470
407713
4919
472281
399061
843176
465181
286091
438611
198350
706335
457831
86918
630985
135783
345012
828370
496976
691555
96631
667602
438252
556018
973564
904422
481302
911312
234795
987773
4702
690468
806987
181732
162823
677798
226855
824685
552318
450906
866666
519017
607328
12946
548026
597364
611144
827670
355250
881400
851969
175030
111027
979522
799294
982421
652074
664436
527239
429285
940715
519566
818830
901329
850025
181096
346506
149641
9968
463701
127789
910995
875639
300367
98591
75220
578245
723903
922649
265148
329097
777044
780938
949727
933465
447832
168067
581729
459358
709299
253228
745805
641391
339273
249967
689985
259124
219738
191451
869218
181061
924546
157243
989192
227126
870884
20647
603576
13768
429848
586741
834485
954136
243927
846533
912339
573412
501541
276325
546181
917696
298210
619900
914518
532376
773664
66071
839238
135596
655276
675795
330943
510134
616304
460549
216187
368498
327779
143141
173989
318129
169331
345729
231531
790676
232125
862941
491955
981949
90140
30509
59862
680915
759541
368709
484891
180600
938754
11106
130126
541260
738716
481960
866268
956252
616727
157301
571487
880075
104837
900370
241780
747703
630671
946059
243243
857158
969504
691802
254193
940078
326140
135381
509545
32865
31792
431282
357788
553715
774505
776783
833169
902445
778329
758871
265805
286670
358803
353793
169027
188487
484032
589178
244187
959212
399295
738434
321880
103163
170047
389072
548275
777963
795125
550735
799941
926
481205
740070
263640
104261
138955
42217
502369
923428
163636
765780
410809
108972
138477
804669
214797
449794
132207
503777
741731
936050
344545
822570
327247
197546
333140
205464
763862
330577
80515
752591
414438
202168
272145
694660
614191
116228
266351
378829
481814
700081
983305
764837
322680
448508
88818
939740
845174
180013
602358
797276
62484
133373
453625
254770
692499
165211
588952
232131
960377
241124
743875
3407
475163
512869
451838
217006
704039
363084
587490
787015
786801
244615
849598
215942
888796
442381
525767
589262
211906
215753
247749
79330
319733
761444
487603
995807
966539
702078
982989
743435
450490
919703
986120
304413
152402
857938
476162
356991
457054
707944
862430
832736
859485
700921
428635
630957
927489
171019
723687
102077
28362
453021
250948
524931
757035
545262
409771
241479
609776
373851
896665
759827
759505
42016
480870
207080
219146
712295
79668
527518
130868
172109
512212
935781
275968
61478
280761
576443
994453
638234
77481
356279
655108
998224
725243
966330
125861
243609
203002
402247
952454
245424
736345
449999
265535
562442
260056
662183
35183
993859
360306
418604
934725
668248
893746
596190
837417
789211
128791
140218
228173
442662
637982
931818
455807
786410
520378
734755
654332
696450
729514
508687
970372
976196
245279
752919
606712
479737
180409
503458
524618
947222
650595
7101
75367
956400
689338
409883
439301
991312
654792
595436
593242
924770
184897
466036
977593
793384
129702
391096
747581
515584
504412
153666
926028
531568
532257
336252
686748
432423
283359
64597
865402
939622
615193
495094
515613
376571
826732
871791
93496
786602
912380
124369
123373
370656
708737
914558
329090
393764
423421
745917
774389
763681
589010
445547
868305
974383
49876
775518
264567
657050
86696
357556
722883
734511
360679
44271
893725
489747
476466
799526
753020
991890
896298
247488
739489
582276
194889
96787
825176
450844
69275
182574
877750
55043
130094
17970
731218
70078
73232
799927
591273
707738
673348
719679
920817
958769
250650
497876
637514
847667
553691
481010
983860
61565
144239
603770
365482
666419
372780
582121
139320
812254
884943
686882
552967
906523
900520
620398
791431
39720
464806
685370
661438
546931
833339
938054
850516
557416
882806
460054
36095
928491
390374
898054
828314
210403
185849
146426
306946
687384
74308
299922
515534
978034
501355
606953
277836
45402
626728
87523
564357
461109
463113
674503
748831
642249
54515
421623
554150
342163
307224
695745
267843
245688
739116
244427
654517
656910
475937
919925
289154
412506
978912
567920
392269
988787
767100
539307
682066
651778
619235
826813
710989
594588
945612
754516
350035
80882
720954
288625
215528
190258
114851
30634
853144
654554
861198
450213
392632
577267
678209
876817
547074
124549
945865
337647
333859
692759
21963
757256
608662
818981
313571
397706
434731
502515
761140
826542
457689
737732
70863
698477
688030
499469
469888
968200
753021
601226
208190
803049
23375
799667
250789
827500
860264
334339
968244
807672
958936
981660
241877
951678
836844
416767
926402
500570
990830
183610
860332
717077
259435
946508
419673
378697
754535
200183
463874
97899
405070
34642
782030
567573
984447
483901
827390
79503
900660
93733
735462
75549
259635
93498
593621
810367
706439
370459
182966
813924
945314
469489
272973
213413
776412
818487
356218
334793
507332
724841
250738
741354
204698
256167
808623
925270
898397
321717
53791
335176
233014
417924
330614
149088
501345
866508
443402
274923
745838
161084
575628
665974
76059
905546
684201
181420
223194
58444
615177
35786
686677
350008
178476
864940
636025
582444
803337
152826
885999
491362
873133
271428
276432
506409
82639
770049
947237
243452
523721
207393
461413
306653
766324
42366
744040
655602
946055
346793
947415
489212
705865
118408
295203
839088
133837
49536
306933
263924
706312
973294
999059
475401
69490
767734
68593
616666
488126
82957
277407
156415
460873
628298
6579
590185
119047
869285
842407
259678
341039
25163
443498
476313
363134
949940
453562
39012
668592
157473
38334
220543
388744
785220
330933
967169
975554
43601
211758
749358
804982
559953
576096
782600
288680
744129
994780
977323
403418
833589
222571
139105
387319
582716
716275
425072
526929
969518
422870
127875
410038
738504
684378
804050
618199
738496
458116
49371
200943
302930
453879
976011
409631
879979
843013
562032
429415
210004
471350
797257
292544
506844
94943
228787
606034
905543
708558
322292
129973
477250
422694
151328
860785
681052
901598
740643
975283
893132
209544
278585
824817
19719
601205
812635
220453
989614
567832
243717
560345
93241
325914
712217
294483
851282
393224
177613
276644
484417
389286
441650
387104
873214
646429
59456
741848
737004
571618
851782
541486
456717
297570
688153
383749
651891
837590
864162
407593
997513
826734
874112
438773
118732
888574
66629
513371
88259
317976
32090
316359
651168
314534
321252
659829
976096
649021
526288
713139
412024
320320
207213
556947
945586
648008
815723
956906
122604
406490
345289
918299
187649
565992
54030
533195
487555
59926
682409
637636
208703
308739
301629
365019
895480
968250
991255
902568
680421
296856
468300
534598
49816
437242
624888
717651
68239
61558
56963
651107
899205
447239
209719
921253
229033
235408
55876
882236
123431
180395
907711
126382
458815
952846
915885
850542
61295
221118
89886
899982
326742
877553
791578
802195
208908
946851
20555
713987
361672
907198
481312
462475
24980
645227
773056
444500
104011
801575
144232
790507
942978
724676
345288
586944
451161
359361
916500
401856
394666
747894
513727
542476
542873
518287
372388
849687
10199
902333
578034
191574
326383
635674
224547
927766
308760
326982
46793
959216
966869
382611
201438
751448
424285
849042
706459
586928
877005
490306
916718
777376
225348
51239
695157
276986
598219
360420
942868
962538
743833
546756
420956
317716
663395
449721
76238
465295
312795
983969
809640
173248
863322
824372
17372
736476
603670
321808
243294
706357
782307
87636
90634
445362
979544
607260
577525
154301
178326
838230
887811
728051
219373
274455
627045
565113
944410
189541
787390
717692
163671
581414
823017
758583
835294
807443
370020
895600
624722
681626
675157
327169
777410
894298
740276
760081
224142
427774
538481
775734
218441
985708
670700
660120
561188
373687
297035
373621
652709
103079
40301
540065
17950
614536
978870
643196
412371
256615
634232
155243
299052
416039
582598
434513
250695
142501
309184
704867
460398
843257
585646
421607
424801
280102
632290
365437
910901
512072
102214
651150
501821
521081
808690
932009
375735
259611
341570
696878
110401
360789
291660
901885
914246
245843
105710
951817
746902
855567
577014
205421
404628
307089
134538
239137
308701
376261
630553
69754
475974
274670
831400
970253
560296
207534
600741
289722
140892
419188
13460
389463
27611
599976
366581
646966
58858
264634
81864
839683
875641
954828
671042
115294
981545
410351
368376
985816
667455
335378
352531
479727
600698
769258
867359
274810
895862
348956
693919
84349
603301
416662
314788
47901
710016
277953
784878
593423
653599
216843
490929
637991
734275
399916
586867
540020
817605
153866
918403
115454
340298
6767
203585
562931
801648
28232
77064
105492
282908
994093
344303
503786
190202
101030
860952
736730
508280
895040
133744
792698
644793
660383
49535
135368
670785
266162
12044
377448
163859
549250
689085
133071
232325
506989
588377
355206
636528
518467
61806
370170
286457
875787
942069
674386
768549
99621
720658
258182
336529
742653
252396
102056
742187
89366
248405
481296
7219
576335
784848
231705
406105
816479
240643
618593
379422
771682
149393
162233
878391
162720
533038
350401
609860
683955
189024
925055
631396
429226
41039
983872
623855
441100
267096
724586
681585
594388
50540
9123
936888
12128
398687
48303
153710
412723
660764
117950
328600
116637
925173
474663
991
433802
260277
710060
596147
184693
363767
613190
490615
297436
698558
600279
618311
389728
482053
885692
880005
426087
183410
25208
65038
198957
158823
34153
426709
675828
815228
194090
765580
155128
924411
354683
117741
601351
39281
162322
6794
696804
63752
571129
899448
436045
538218
607863
405769
230631
963402
204228
739833
625305
793926
863622
994373
6688
889955
306578
392807
980045
313253
136378
708471
506320
974677
489032
596873
349657
366571
928319
565351
859889
77841
438585
779642
473476
933611
891817
932418
152174
291105
47270
628065
989812
634270
765496
802017
737189
836311
800005
325943
695895
937638
18346
602480
266854
577935
632811
425589
690063
907946
634286
414793
152217
111461
677501
370282
454292
223678
532577
435071
268054
431345
259405
983756
384241
879534
981791
100901
874180
46858
247964
391303
535983
762388
658451
106910
945799
753386
338155
104987
101429
784385
394832
25262
891759
826488
639273
444237
637134
549489
855666
939048
151095
628839
917890
896357
850407
821695
262240
869880
462120
331039
343162
503871
154812
747683
720103
352620
831611
868701
916513
799192
379277
242776
534102
326489
98918
806664
80941
198192
140723
690085
946118
537383
356997
831299
621872
867127
839511
461074
633472
569123
275455
783609
274307
226446
787709
969434
731120
706512
722266
722284
9411
474554
584606
700744
45520
10867
842159
727780
177729
304411
434528
485548
311966
370730
965005
561394
361099
106762
782935
23678
729406
462241
270272
854787
295634
710795
661165
440969
830590
383201
149469
138007
382384
816010
524421
439284
653324
566056
165505
901439
56360
450852
511417
599091
129086
537717
253184
323809
104908
568
466830
64324
662611
87675
851297
419767
719946
158972
297340
92021
992130
304491
496828
190054
545466
968046
435443
145334
738788
729147
331132
878285
621811
52910
678121
848119
644384
331557
589780
134408
84961
724747
135281
750611
59978
745870
278512
269033
951725
377684
373567
206041
421112
256047
911744
72883
333443
252723
66607
877035
405960
487202
852127
849361
812330
565565
835883
478251
172556
259477
967849
402953
282104
359354
693435
276172
4366
552691
522731
108048
227136
229218
608565
335326
913038
181791
139536
640200
796337
660508
82664
732369
471999
736943
16017
674167
325047
182735
587424
354395
233819
669853
253430
264811
961803
485982
723634
694527
736742
838405
892201
840428
405756
266222
788263
768147
762295
985525
458256
123111
430695
892433
439387
381069
619207
987683
996606
945701
46953
7215
747343
331016
42490
662794
513742
766437
455247
6284
130893
213342
307487
536465
348591
523073
73369
766639
255436
401528
154262
331434
185918
211152
677140
321404
714972
610912
287444
935345
484154
251068
533714
91064
906297
882569
650725
439865
799839
238594
910367
567126
503272
989219
196822
583683
397719
999367
974198
332886
787458
542697
815867
333444
211433
695507
380355
361250
147935
245781
171290
773311
383924
997586
939916
859822
846813
60518
217124
539563
836738
692121
429217
867634
864453
697334
757700
903793
382822
987150
635115
965763
216910
56482
239489
918011
34307
684139
980327
320859
621808
807930
241874
399464
684515
709316
590584
33114
648040
960592
52433
245668
820056
50316
74023
647894
344682
915071
339658
785013
811077
635482
820244
93991
761987
232921
552484
531898
748898
740151
799668
564216
748402
237872
726731
898432
23017
527446
510645
620133
512588
32184
312561
47237
496021
73427
492521
434247
192046
967428
579001
935120
633745
997891
955441
146709
445392
916124
450736
985151
236276
29779
197624
740761
347579
756347
804127
253606
508246
651056
602763
970871
324889
204543
175586
636953
155352
45711
319045
867589
975644
746161
338919
278255
379974
865564
754890
496800
220568
411065
468049
60745
131319
80927
341124
672512
598014
994613
119151
348342
834679
756709
887632
822818
327353
865251
195732
6443
353358
893422
245864
204137
132521
747138
311865
426715
851062
286456
117337
78344
35059
687818
129268
495850
511563
460431
746052
914789
593828
251313
793594
548147
451400
818022
457683
981156
34346
998250
631715
943641
290753
783886
72138
603515
482594
824529
701251
868549
33616
885297
713134
200938
176829
483444
803416
700905
215401
827062
478173
319065
79497
374358
315823
983755
519766
575465
506869
259770
374259
403626
533868
744727
536976
654768
66033
827542
693693
921174
303150
61460
136006
83466
377135
678024
889626
940152
775871
659861
589173
762636
7092
902015
67868
910572
555969
240723
690152
546044
184276
5727
775562
611114
71711
509960
752811
279662
166046
823620
166784
26391
57640
474309
992540
569672
375614
873977
68233
664919
645223
949209
297282
418134
561271
135347
724764
414923
374537
393326
948797
465952
491990
179152
104276
865355
842723
529916
662269
558454
950817
890533
611975
476378
167817
941867
696441
417743
885915
829209
882882
680795
73857
464268
127458
734847
763042
907083
14446
847040
672495
581996
614354
120207
48528
742096
813226
525196
453305
34675
412823
165329
682785
683411
642910
492680
143690
711855
83492
344573
242981
416735
362873
740659
125298
81298
226235
712591
786870
240664
264702
523655
141341
98873
682829
38216
461878
125682
413050
98892
212440
956978
761221
377214
989925
146902
394754
121358
510135
291198
265979
824770
651529
213966
228572
254714
98394
4587
838597
827328
521202
123902
668594
611171
630750
961758
28795
558908
272031
108044
251371
75617
895547
769513
520871
489143
985317
870584
590078
737604
126332
534929
945850
852574
309137
496727
390428
932777
961385
456795
682006
659007
553285
126086
14389
287109
518078
99872
754222
330028
703931
705709
938242
400545
426194
509772
985109
870886
869884
269237
731828
436176
57193
32631
672826
24511
320811
247654
269819
524691
286644
959935
178115
645957
384986
680291
376541
361486
955043
411696
267445
860414
716989
132941
410775
293403
862332
943670
60210
158575
853310
311879
516882
379670
243690
277504
263346
53633
680720
354103
355490
645008
835674
94152
650228
585197
555383
30866
891933
187935
608169
983029
615269
976710
937989
337960
951562
543786
123550
924294
565613
989848
373426
900585
135204
929431
973736
614581
457384
519246
442215
537320
860431
960123
752256
888168
793569
626145
175954
448406
990074
618942
737098
559056
440268
713092
752918
785529
701200
263610
859993
300851
671443
244028
616302
95668
478187
703365
835216
293068
797274
354128
564548
953776
312009
462103
955046
687388
465146
749815
882692
208006
559748
347921
720328
436300
849685
56382
711582
858372
723564
627396
563270
995657
681041
48875
447964
962242
345152
278361
835186
486876
726263
308175
978766
988586
159594
437160
431605
363045
498786
557754
823859
876994
22686
378965
766474
832889
3090
146849
978409
165393
396266
887004
711325
252580
948855
188226
761186
496574
819428
745099
256119
345292
770887
606425
142778
177320
111047
69173
678589
686200
793746
365645
347473
272536
296747
705978
229388
202156
603381
367267
296250
529430
983236
954798
450651
681258
544902
208039
547171
940130
708226
574142
105679
236697
309233
336751
217870
50394
915938
199827
391961
625698
925307
177904
142386
120830
49887
977795
107392
967917
912044
608174
847455
913946
236584
124158
88525
630013
368208
681056
133714
465540
953681
682822
419197
417513
132311
881072
603253
639262
132462
72995
522061
576355
685448
58784
869671
881243
439914
808691
320836
645618
778059
210364
738586
154821
337677
214094
374312
624786
592663
864570
134001
673567
613460
424476
516647
804417
539075
697639
574621
196205
477395
585048
49482
845402
25655
322281
966540
375779
786414
222423
814936
712707
29674
805614
655463
375423
982587
504163
867053
219728
486396
108291
870195
258806
824521
425693
345900
226582
431902
805525
3366
315975
754402
602435
884157
275494
610905
905632
745851
650444
759355
90182
796120
457917
491946
687679
904905
204951
617596
938936
921948
602514
578898
691259
571799
282079
943930
560318
29478
989674
624791
120921
397352
645616
984963
345069
657783
111189
448235
864081
562177
751067
174359
817105
889156
494034
822127
840330
759931
888706
822581
658406
9429
835776
255160
199273
967154
888455
975594
710025
362593
598575
896842
47307
629890
748327
954122
238184
814307
342487
574536
156307
188137
896254
283069
497360
892458
346953
208594
784624
245256
115356
117010
452245
971385
737024
796834
830359
19723
478970
251727
477044
793796
42014
830538
119585
447180
834692
693499
209827
195555
867887
830341
111042
513117
919906
288939
135359
484706
691026
595335
599518
895913
15869
946357
500441
670992
951337
301430
171090
947675
549362
178241
160185
457388
963953
304854
25598
486559
355258
286053
136933
819306
606106
580031
246629
193268
842755
106824
600278
810049
465293
215949
359987
425000
156437
201907
672132
945833
166811
898838
383773
919048
396658
27028
712203
380150
253417
721233
815123
544493
925810
903515
146859
26534
680623
159153
40321
845097
127104
613257
1386
303041
901955
967085
339290
900509
892556
23343
155464
757130
438340
220497
798454
986886
705519
402342
648080
543851
454048
338029
981297
868001
225357
788166
324223
404891
530182
654760
186961
717473
504977
187911
422772
473634
975261
849443
766511
68321
397711
231467
543331
926888
725372
564726
239862
205294
995862
585071
380193
493536
539098
576068
689115
191293
933770
628310
965936
563910
9877
931431
538231
81623
650331
977828
761259
665643
30131
37678
848517
450324
721525
316254
353548
978350
831324
563622
883136
692224
320337
208682
689572
929635
237066
116415
467178
927795
632232
501344
189209
533869
835391
160063
846512
531693
670742
922104
833342
580902
343275
677110
67332
616281
819788
414116
437085
186067
372565
346601
338596
189779
947768
710556
575974
486874
676527
897033
399125
391618
909559
518387
847165
169545
311300
413374
761814
460407
708918
439965
25731
614881
554437
881861
943548
62299
375408
747155
187518
195989
584904
324168
98134
959193
19452
804435
569922
159368
316365
110044
780276
509922
254746
163961
875003
873011
761298
97297
60813
736971
118931
107926
276560
624458
146436
282942
964628
601022
161524
199253
593853
675486
576885
967752
436348
3340
951211
476570
245702
791547
566270
497167
632189
731164
161379
232520
860977
545654
447489
770665
912909
666692
751157
657573
477185
391376
174849
534342
545513
776459
309023
331749
34301
134089
883317
54044
386265
723217
401544
294442
528692
501021
292273
34475
293115
503998
736119
129796
18639
765904
554216
343493
966843
239727
292688
254664
460269
467950
372693
870805
666849
121570
490252
124573
360264
87140
472980
846078
794366
103455
579351
407464
808762
310139
820247
775647
668542
503804
413678
31912
998428
651119
314916
61947
463196
108833
282828
381938
228314
180859
43764
234003
504854
637057
355759
600097
170723
504642
201444
289908
377950
71252
899856
831678
43463
384222
885209
72650
357193
985584
222733
683786
515107
882579
784343
642374
716764
448591
343178
144272
997262
57083
376609
244105
871883
360650
149992
63754
469518
705630
960709
787134
568316
935216
897792
16364
656010
833344
827419
323169
953525
997679
509722
767575
705874
366281
187392
781951
103686
967441
309554
816174
68229
313540
624116
134437
472137
379523
401584
671721
144803
34508
915642
574718
758514
926420
822546
548183
837148
860468
54931
805332
894581
573976
527801
836187
674891
859605
32694
110853
616797
97932
656990
391352
711951
879346
179222
692247
624039
393665
286444
343188
831949
39758
227852
440213
641342
353972
992575
759924
310659
148392
372953
66556
285727
328066
404243
190998
886315
693028
690692
755114
365338
625766
839349
205320
322728
769545
140112
752353
599019
854794
985341
447428
287365
960793
301371
170209
615497
552148
519332
525347
122619
990762
964834
110632
413850
724133
507505
306600
99189
332009
70575
900247
462866
273704
600984
858885
36490
729428
872084
994391
489258
609963
62109
44036
268674
99134
829231
636623
813988
95393
315557
434919
341905
132110
667685
302322
146595
540120
647812
480540
720272
85751
408563
273464
861484
478026
331763
250567
583018
452886
967853
744869
33557
422528
889276
84544
962807
534019
684912
694276
821338
8312
248184
609347
212868
651827
494484
239043
395883
366631
65520
66977
524965
552949
506922
275559
400961
863828
576924
529635
222306
23146
745246
542184
701567
129075
984147
310329
246315
536683
457793
414259
65758
100356
249065
265892
656839
9913
916939
859311
712023
988488
718339
230779
641646
836516
529220
685549
499947
743071
439086
570264
622934
817279
824171
37697
240287
28380
797087
372075
803006
656715
200287
805241
643991
54164
488476
586540
43019
520931
362335
805228
652086
388325
107539
635377
668618
597690
241581
246360
883969
182833
715158
97642
221
803774
435673
32118
362279
778611
798952
436807
458209
903438
19629
304367
859804
659320
443655
825227
644587
147939
104636
584543
22995
55437
367023
202349
870120
545598
860677
158035
259733
318337
817324
727924
838743
420986
627586
274522
404007
580294
740663
514874
692180
965211
212738
374658
180863
358104
483203
499954
855816
173292
719650
328668
806988
988014
669320
723161
520980
967522
669677
907316
869643
674983
467658
198499
932252
828916
865257
959994
575006
858881
808954
726343
739259
687885
164061
582561
429526
230462
12661
593014
396653
361431
513799
117910
623891
753572
809676
379414
237935
613213
844048
290231
996226
406873
818666
911052
743713
529742
207911
813212
766328
295882
717115
7940
140197
110224
481630
530807
806023
782978
264798
656885
646491
694245
381325
103395
696486
782863
257593
925872
575653
964709
253659
792294
861650
299113
830502
497674
965293
924244
636622
178126
566167
641843
690014
743041
483968
866131
971955
209357
791246
520734
275727
155331
991015
908052
336412
991339
389050
9671
503743
391265
998248
965074
701980
778931
977011
72242
454234
581301
665461
954842
939634
553246
824666
67072
727766
536445
940960
939209
725099
641941
604398
145315
13208
241453
237642
745135
522251
656478
730064
748080
100558
941883
3061
329227
87616
342939
482871
562658
84619
12039
813395
435948
409170
926176
637779
955690
172689
669324
736491
75188
296291
471290
719710
689812
9426
471571
327194
518686
929915
421592
83097
762415
153926
331799
338388
336123
25291
79074
535169
848361
626042
41812
497196
59477
456659
114995
621440
991756
405838
578873
692725
445139
728700
857689
764377
196883
3748
385693
823659
68634
985415
655871
932209
688585
261097
188465
338508
968425
247708
750142
118251
36673
546394
380636
63374
414270
761896
795463
874889
610438
728089
618577
968926
280314
105575
932964
766647
425705
288186
603906
18695
711111
693056
562196
91803
254006
949033
645144
539025
251301
206446
833665
450329
773264
105498
777067
596055
40433
368322
5134
57615
437059
998648
27448
65732
320776
929576
328139
295379
28151
924643
951315
198329
382558
97582
164450
195245
963122
489674
222826
974972
452529
106889
554322
469940
294435
252022
610141
736433
947231
793267
545887
65431
606323
368813
174487
877147
108365
298167
645703
606778
938827
328594
199450
675762
113879
385288
155099
918676
15366
378306
51588
898945
489754
917692
369309
564559
645462
436071
603164
506066
716145
243956
616790
924057
676496
628694
930238
578039
56879
578762
68873
269903
744989
805289
493169
594966
920826
365777
916267
784928
602500
748976
801758
955035
103116
947036
149372
644370
80179
531725
645290
396811
146343
728273
999627
605465
54472
756593
539242
425938
356020
101926
779972
398724
639572
585013
527676
670087
932492
611957
788778
881325
631132
144434
115150
481138
32469
226765
681859
247414
673383
874822
159352
807628
198735
891617
46741
923375
401802
430655
280408
926986
973758
38476
272416
168629
867696
185524
983386
654783
23108
979722
272016
159316
363072
573044
143071
516302
758201
911676
983357
781047
487749
236012
500057
733851
988561
173156
681134
134676
737898
771408
376785
333752
948704
939836
652900
214223
453299
486566
868319
849085
834686
325377
437490
346407
38083
182236
292005
355247
248259
39790
213407
692704
217563
92070
291976
796357
33425
969380
58520
931174
695907
511228
218535
327594
429804
804709
189210
36689
783153
521254
710421
739120
245810
882328
364266
760473
920027
71312
911138
461234
201858
212181
172215
505167
728118
50917
908357
879111
27713
845745
200400
648750
497603
626927
142220
613077
411884
265327
48546
580027
765693
298515
872554
906571
243665
769788
649325
900562
354660
976866
499451
480054
477781
57737
206002
755911
609225
533593
533697
364782
309420
114689
600877
600221
97779
37436
102571
559359
390949
381775
176940
30223
258054
864875
185952
369811
810698
947055
83542
260787
347207
791311
757856
120161
171204
396296
192515
48176
822595
940429
7273
455315
331782
741688
725297
111976
442335
255186
465009
55769
105013
844695
441245
990132
958109
647036
230340
955966
408702
17374
131838
987359
620371
722515
603714
851514
170262
110526
348490
138479
961605
793931
683729
330634
71450
775473
817775
13901
944767
176518
72646
173602
90650
191301
90006
748512
171880
414033
593844
804392
808803
516902
594948
556003
631271
196943
871676
431814
559367
42240
904512
793554
493915
464307
728984
546902
538178
160592
91708
405519
393964
947408
61110
795238
415725
830331
491113
301969
575713
797821
336339
522206
735571
475392
604711
333500
786365
763748
640872
272404
209458
362124
858824
729949
560736
967494
624721
846519
955979
109364
220564
779744
164605
167139
584492
569680
600001
956122
100061
746247
96735
608139
361259
296477
249222
609213
50097
401683
106110
530982
523105
794133
349923
106722
344832
281693
939436
763614
620526
411237
177697
856037
943313
208927
848415
641012
597834
597520
343216
934810
657165
964566
258480
938244
483139
142340
130481
829440
635317
830819
278510
192069
912423
862959
98140
826028
423255
157269
868566
380222
948004
245587
555875
113125
251736
1745
472334
892192
160102
803370
882766
793891
972901
799871
790904
463349
988648
329970
647905
991577
514812
466061
689053
781258
612012
570601
611376
722287
32247
574264
405411
177471
731156
679345
627046
213580
808154
984274
860731
383896
410584
221645
15495
794367
118047
936286
56750
693116
80133
930975
765035
567084
702155
556673
258070
865545
96751
62295
708129
320577
956104
977791
705106
703909
961547
864134
579183
964201
669831
294861
304941
946742
956903
365370
791929
327025
303452
998737
75716
814658
365850
999271
178185
332869
420604
138747
131670
143488
856425
691725
187653
971072
649041
327622
604114
122115
6101
628915
49757
656477
918715
552059
978041
470140
960324
745446
863011
591004
237609
735391
645675
425247
556802
287698
988717
186766
642829
783107
954385
928919
91605
214732
756055
564732
663004
956526
593870
227639
161508
938148
426557
114801
231931
392069
596733
884032
36894
492766
77075
772801
672152
75054
54698
126963
670298
814426
402821
508118
119990
415699
694828
222102
56180
867084
563916
798233
702063
586673
281689
534217
545021
301139
493743
932770
478737
982519
976856
390292
768842
632428
656059
112639
273563
858364
699638
479976
511499
369684
708802
433346
524737
18779
13775
835605
294302
116060
779964
269305
613613
116175
839201
611672
537893
558676
163170
732047
550025
322809
784865
368520
871
820036
842116
961828
809560
823482
932721
401641
107274
706888
282154
632440
321113
532951
662404
370143
314299
952942
848373
583828
548494
970110
544409
609576
723362
709670
994330
767753
537681
987420
254168
514934
386940
755821
809056
579631
221807
235485
774880
450142
953184
533140
426230
790466
384727
371651
696433
942215
1617
932924
55193
420219
806188
393780
550067
666003
9174
321204
258937
375044
385890
662222
627365
17998
70976
289208
305279
329508
390114
767962
979911
776963
743731
192720
898939
34569
351755
58443
175170
828993
456712
630441
703094
96504
680494
986948
159179
95241
28012
34391
972822
390257
905994
772051
456356
676923
134501
318420
251799
362557
299877
890465
749456
343919
844359
966799
797262
5467
182573
463619
909272
62037
579483
72523
784799
513588
341931
607896
781950
189397
833285
116419
553361
469773
589574
134674
552753
400487
723825
488439
580048
704856
190953
842271
255362
503793
240013
761412
496365
62864
748343
874173
243230
402685
329039
560394
204858
868922
6047
943362
950754
474387
437423
473020
962768
611366
914802
424219
639678
692143
513915
806734
844270
566593
235635
625723
319114
36223
465674
64515
883669
405172
855494
317147
330497
905878
308938
303032
370424
364657
908411
151050
655587
827886
53982
178977
22451
440877
640167
89463
185913
165714
606914
323396
637819
879924
467793
659279
256812
96543
228203
31037
274071
38148
224848
488780
780779
627702
473117
556774
869281
26235
958709
854058
242200
702492
913103
551255
898434
599587
317240
508880
811203
754859
297484
527639
106882
902151
777626
681542
966926
747795
518032
228763
278826
271060
299613
494499
266339
339041
312349
933304
950771
386968
245036
23479
830723
213839
575722
255706
450566
822882
221236
503594
341733
324503
6862
239024
806912
194630
330076
476820
529847
904362
227696
787076
80864
880269
853142
927016
282718
648489
566859
364254
779593
631101
548468
976552
435216
56547
254594
811339
708958
822496
455139
351122
133565
94023
847906
199012
955265
473628
94824
857754
65891
356179
671593
289434
553968
646021
333956
695552
565750
222030
450418
316150
817150
839536
467965
412035
355446
457836
48792
41722
520811
256889
336463
156551
282115
147333
766792
247363
490095
390493
568259
491717
173049
908578
925456
544787
846206
292613
86072
575179
35079
885814
477215
868488
199901
868816
559693
976362
850511
825805
514129
179149
77995
462864
573166
743384
485264
619811
118469
253413
836715
108895
927567
856171
485605
457819
706422
294375
443566
893444
294527
182427
452199
498483
322853
546271
458679
668814
681110
968284
75724
665156
574031
580597
811388
913974
662126
984779
21697
536187
666519
234608
601549
235309
838881
834986
362337
85139
541240
320164
482362
571365
823460
799044
109522
584534
37847
604258
236181
524561
359417
919323
240875
376772
602669
87334
437165
430745
452183
294526
486148
761934
114155
555549
211006
779042
416531
867604
119344
138589
142408
82426
123105
593128
179623
963576
50673
522441
173819
100945
374816
892481
925694
471947
542217
88607
149721
157094
154848
131019
830250
314549
694846
312670
717044
50436
833207
571682
832768
840129
196349
33665
613507
446812
398423
934915
436658
787687
98175
605579
459667
89554
399013
123202
282680
767806
113037
177398
227919
490377
691190
895451
477950
194448
772111
940571
615764
746331
704143
643183
633386
345138
738665
954869
63761
986660
268407
487083
175552
8561
37478
835238
945321
906375
820630
889242
306953
484571
15295
355319
841070
770658
660349
496392
226692
529172
209979
363306
785865
920648
751086
725586
271956
166317
905637
188354
384291
422124
759297
453830
139494
719133
958405
812850
56250
523942
428887
447286
715358
903648
383666
269534
882526
959464
827689
986306
560437
405918
964818
166190
512748
571063
354379
327931
387960
372669
660783
964200
982374
556914
892718
775181
38805
245951
865713
442695
752772
487230
526204
662263
901249
750637
4611
132346
130769
240168
850810
254764
199867
534670
327928
635322
948379
566862
482021
995062
690637
205005
686486
932501
39188
712799
335125
605815
15769
798126
104330
350837
56
461469
77218
580459
298187
890668
24027
759945
723014
171215
543299
532462
374003
702269
241197
688801
228425
902667
687537
454654
200624
393904
287414
933151
282330
339449
981266
834675
329913
320725
355763
174725
815800
537645
298748
711048
884851
355310
869847
587153
236082
857353
568291
790854
571445
918948
792541
18462
693091
779253
667596
170512
89325
228039
79314
358119
163807
203308
446322
933511
257486
899018
221288
931533
453005
574181
947772
643201
550777
875967
906817
320364
341148
496473
553331
178994
502271
729450
730302
398232
875947
946504
278887
544487
962018
844032
674126
828646
132942
838968
507251
281748
875659
330730
544533
676424
365509
916393
947182
205823
262937
644998
383096
437622
636550
378893
542845
210147
494567
275829
10662
674273
993422
910363
907178
723476
967523
227283
118091
431417
656483
230163
717456
929724
108930
429423
152836
168436
8175
798292
645729
657414
416437
479260
712361
319749
654031
807401
875824
557613
748248
467329
849829
710004
634551
522146
689314
249212
306651
295681
192984
419776
95669
820994
41164
785002
297535
472538
243587
183361
675706
151214
190739
580763
450680
381862
388664
252739
374263
586294
753087
780497
425255
781517
292186
861620
21247
341010
490169
100391
116322
847049
582530
892055
199266
971851
167702
332436
794280
680740
705605
324122
237431
394030
636386
991806
360962
993620
878347
31545
982152
557286
139325
498896
887727
452943
424209
480081
418153
554887
196116
193540
413028
284500
845641
743868
96901
661918
337791
460508
472925
903150
221840
110126
638016
575195
39914
696106
473655
762275
191753
793753
869024
830848
755645
392924
892043
347049
237050
233507
265344
241770
793087
45218
256513
97307
842319
371772
821961
969960
715403
228228
614792
43418
578089
96732
287478
677412
375711
919851
878653
863664
467306
576023
808950
749297
808449
261502
300594
846359
587897
370605
196051
463475
484289
480885
653644
996819
633884
51361
927983
350611
875869
591639
297074
830312
958457
988720
931445
478245
329143
995654
743098
323427
691168
702633
404643
370690
72013
742517
258891
259371
153649
664529
121318
542703
694903
77451
574695
378062
934441
69745
963812
808197
896419
195320
270596
603134
375277
555576
983806
884504
64553
792797
579463
61173
324015
697048
916816
36118
135896
784874
340540
885461
467737
465625
196172
317536
514769
964318
84170
560432
278460
237588
681324
335480
872632
507646
741969
449531
522739
407558
325366
694703
739045
159834
448051
640315
981890
175629
957610
571123
675673
238304
318720
193803
752490
615990
593219
453118
120757
904552
888093
424511
407003
443046
140096
536499
165149
76762
744790
246794
221423
163839
122851
85922
165813
673109
392460
903821
790239
338390
531158
466020
736511
14948
912844
919196
650188
831742
682479
792030
293378
357399
937002
835542
890047
822778
226040
546631
485746
499249
890983
461974
739883
392998
884541
748277
893135
823655
710429
847683
362488
959629
919375
276191
873302
27918
21319
296691
672893
15309
290850
791283
850062
636113
967120
408915
954317
820135
506820
236240
47860
844034
940877
172676
871638
597181
506968
992672
871325
115930
543930
886897
218514
414579
596357
935074
585748
762233
309026
417901
58077
973067
963885
794777
70561
458911
686213
267150
651243
957132
24399
581984
467271
935643
993941
991558
346296
797713
619431
967305
174459
51158
508144
493761
159559
517504
411241
760479
494974
946771
662643
53849
489927
651428
511876
54291
161791
349375
749147
710991
768724
966083
542728
935924
577068
389053
939953
653780
547143
807304
954012
365252
245004
373179
924198
929406
921885
583909
671543
655710
128563
998994
512867
749605
381726
629937
100233
590009
740317
525346
709385
898435
892181
982444
46298
681892
646249
472788
526426
681103
689940
234877
767967
973537
686847
249125
91309
82953
504434
916012
79434
551887
470364
10668
67850
127845