59222
274917
491697
201953
731687
338599
267144
961366
464347
410436
116588
781801
831253
168994
576406
760857
814865
37579
314126
385088
938777
118597
339988
851029
932402
715500
759798
505709
680967
129068
938176
431431
892104
414355
366368
743421
692797
240977
910066
76185
544257
94634
846741
967423
558542
299448
116340
976658
420790
760962
233268
639104
637048
974127
99248
538128
715498
513912
312846
617848
727179
347436
366531
85355
9988
502643
382904
71315
991014
61785
103282
846991
218951
934105
698244
50457
464582
656916
319438
359189
174310
679596
952401
961569
357167
280394
308983
173353
170688
584910
139939
8234
338986
759756
311282
268405
74720
212089
142000
238184