735922
748624
933959
957490
391027
245774
996548
605566
756440
337008
481615
827124
298049
431873
912208
690720
779258
97537
891459
361948
905244
912399
977954
808035
78502
391838
63904
277645
86292
417208
721569
276747
798081
489253
596317
556892
657417
49846
220008
324138
220401
551974
780631
676777
319446
910125
104810
444121
605040
853164
537729
513844
190524
919671
67060
195336
338084
17443
932180
833419
849847
973160
948761
373967
578195
181687
979047
801145
851963
507401
357770
210847
480531
491118
234071
154020
822654
905251
178788
901039
60336
610340
331044
864047
624863
434672
196438
715120
489488
24791
630349
206745
176148
820032
208844
552956
219506
280347
762085
450455
305322
176210
769608
480613
242460
809222
991417
673754
766383
451240
756463
398183
39581
424450
755878
207095
280103
852329
295075
315544
291633
935130
527589
885813
427496
894860
579500
104636
735323
323864
200705
586044
587449
176080
467150
795544
84553
927131
61183
372075
301898
47500
920573
637649
766406
792588
743412
833622
512791
16971
498450
687917
422698
26216
651556
533953
749557
75481
865946
583618
374983
605758
370528
109197
627901
66318
89445
999002
190499
716057
250957
537534
940184
201798
604027
916979
965769
113574
624742
975197
21082
74612
580127
575784
351668
546820
311880
733830
721421
664973
334854
246531
753123
432866
339970
502897
93045
111209
92406
81885
596812
482592
343817
505735
894702
255686
362325
141378
989924
933014
710497
73839
658668
897022
62990
564887
25783
471645
203434
949144
808728
996281
135688
373091
914350
510812
546640
216117
846609
10063
662207
490912
637472
4869
275169
560485
118844
599349
436741
342397
741446
192338
967335
990321
200994
199224
325479
991400
232334
769613
231389
299543
477020
39955
893400
855715
851598
970786
749885
725751
246975
514620
210081
480322
905852
233571
122405
147832
226404
469726
857344
754919
445756
591753
211268
734775
511198
203205
889285
839309
248568
11557
598274
344667
721747
924601
163519
414806
981824
316543
207948
362853
19286
821632
327780
185536
844112
691601
658869
982882
807266
303995
630560
348247
551142
867515
191480
596359
305829
421035
342125
538572
368142
53449
180001
381854
603709
955674
408501
828141
935732
66738
74466
8275
443536
21019
742586
615323
874224
978894
796
678581
968972
34142
106725
837435
259711
196392
77651
654332
306842
668852
690748
536833
652854
348002
3580
696516
407254
228557
542880
376028
132667
840864
332082
697929
127664
37105
352329
460886
340968
44802
851693
608553
227636
544697
681639
893802
209402
620190
706563
9849
996921
874091
551732
726356
249522
761700
558738
533509
186281
987905
544567
929478
394993
542692
846962
364888
754846
518360
197204
370817
896351
350910
249235
61024
46209
226186
789135
334604
644536
956265
621530
77825
507479
255235
1920
91212
254702
173609
865570
314103
84425
979726
741811
847485
159369
111491
811344
256334
986031
688796
40257
821157
706045
888868
94058
8274
705639
497462
25964
474032
355579
354189
940129
339931
353516
705204
257280
414512
471431
456997
552444
861568
721261
474342
963942
728978
314101
484318
184015
931596
186899
280968
444315
524801
696207
479329
557875
727246
520568
161250
565592
404943
944800
571937
465030
852215
807403
253363
981910
865771
267750
506232
370682
776277
217052
834075
396869
186712
342409
462270
581414
85625
755895
168708
450938
523655
372336
414022
532389
574482
950082
438484
642124
330799
223088
121023
88441
468175
573149
590061
217853
285474
919626
477887
363180
584008
732933
282044
269672
838391
939707
867866
975505
80670
886192
902054
541177
83704
769371
938713
791665
501883
909626
199411
158254
219223
252585
45696
539258
804865
238654
974502
471743
122277
805046
76083
542936
878978
715414
658223
709076
540730
602827
94279
937774
679383
915354
55268
447853
199201
841083
995533
511130
735519
233437
420250
35537
733073
218093
335420
704994
226349
577844
909641
869743
271486
442968
340723
974545
981569
609690
482427
832755
972831
715382
553794
7554
178135
62878
582017
419178
133667
48140
125379
805810
929815
649673
107182
726548
49506
906687
26113
194298
279330
314019
284330
818767
97094
901232
374973
306189
101430
762524
941742
32144
900832
221312
467191
887934
647080
944605
554124
779544
425296
891451
385080
643956
356234
442345
285263
311438
646401
889765
731164
251864
551643
988256
583654
386224
576461
573300
80646
985398
750299
165579
840149
325605
125623
49639
600138
358700
459697
910617
452979
470154
23668
416219
953505
281879
275846
406130
17956
81188
813921
737883
789047
7800
81270
211418
813773
703445
534300
640975
193357
792565
150165
286062
50417
506546
410968
185820
193770
212049
592821
327591
960040
259180
102275
329863
844836
796441
884565
788904
863741
826647
889510
217691
505382
538227
788934
660301
965936
137513
868892
807802
146206
88487
986604
464229
900264
503511
865274
49177
724036
828638
657200
626845
250278
525998
470010
876585
889172
569248
764641
787188
963855
348515
50975
472111
601988
526265
437130
902786
961706
814417
135292
579729
414024
326733
564374
838984
377397
767745
221339
196567
365247
141760
618779
710200
990672
153568
654848
257625
943222
557966
853844
148933
440565
700389
358051
541525
32329
440579
310346
36196
693309
328745
613089
708004
408542
660328
774814
214734
827864
184138
826114
873324
226280
903219
236627
292529
523286
954971
94508
597181
507059
951294
885603
748189
295403
570359
407505
718740
51873
316406
603461
986333
672889
126852
951647
767087
758599
999191
314830
20062
591278
984452
789205
791912
14194
882638
818572
662046
248939
610082
975828
272018
805300
142498
947737
749344
487702
858105
294845
801557
741740
57880
61094
583819
270317
828945
562908
414634
655197
78815
694666
935425
421205
418705
80844
653670
49779
770179
227829
27200
423864
141527
117974
351292
879447
1875
627401
715159
611866
671833
583200
938052
547909
327383
360007
525304
10028
954873
637878
793335
191295
573816
486471
432527
723170
893753
32053
312089
320573
545264
556854
495250
108317
701630
224652
495249
884516
303273
518538
600042
759005
65360
50504
997080
334718
891652
641077
396987
91181
179803
292706
950118
162141
67386
203201
958068
519969
302721
980832
423115
87837
797340
816291
711392
856145
911843
633222
11004
141958
169417
861354
621294
64585
298112
627434
749341
632753
299170
966083
709005
758511
222443
835288
907336
95836
147054
158528
54112
954721
760584
434440
785462
104665
961340
767413
738885
665557
456341
33081
79874
46531
215645
717613
251630
236428
424357
909437
306255
564322
812522
730292
266698
385377
239278
87324
516894
360025
852597
313349
773340
597912
403801
866671
705383
51933
583189
813157
648109
940978
213113
128253
33897
247858
389823
726480
332776
205610
224525
546934
333564
793606
774579
246837
158890
16040
489100
819341
523144
5815
12070
507949
959444
74159
512153
979407
360196
126
900955
885326
835584
857864
312323
763067